max_particles = 1000
gravity = {0.000000, -10.000000, 0.000000}
emission_rate = 1.000000
emission_count = 12
start_size = {1.000000, 1.000000}
start_speed = {1.000000, 1.000000}
start_rotation = {1.000000, 360.000000}
start_rotation_speed = {0.000000, 38.900002}
life_time = {1.000000, 1.000000}
color = {1.000000, 1.000000, 1.000000, 1.000000}
material = "particle_wood"
shape_type = 1
shape_radius = 0.500000
shape_angle = 0.000000
